[gd_scene load_steps=27 format=3 uid="uid://cv4wwldfy0u7u"]

[ext_resource type="Texture2D" uid="uid://cyi4ai3rff8hc" path="res://assets/sky.png" id="1_o5wbk"]
[ext_resource type="PackedScene" uid="uid://6s6pyv7ewqmq" path="res://assets/tree.tscn" id="2_pokq3"]
[ext_resource type="PackedScene" uid="uid://duplxdivi1iyj" path="res://Models/tree_clump.tscn" id="3_3xgi0"]
[ext_resource type="Script" path="res://Scripts/MainMenu.gd" id="3_b4g5h"]
[ext_resource type="PackedScene" uid="uid://4au65i4fox7a" path="res://Models/tree_clump2.tscn" id="4_l3owq"]
[ext_resource type="PackedScene" uid="uid://dbxwt1vvyu7cy" path="res://Models/dead_tree_1.tscn" id="5_vwmnp"]
[ext_resource type="PackedScene" uid="uid://dscudl03lcisy" path="res://Models/Rocks/big_rock_1.tscn" id="6_f0akj"]
[ext_resource type="PackedScene" uid="uid://d2grgr0t8t14e" path="res://Models/Rocks/rock_2.tscn" id="7_2afc1"]
[ext_resource type="PackedScene" uid="uid://bo3pmi1uechar" path="res://Models/Rocks/big_rock_2.tscn" id="8_uonnk"]
[ext_resource type="PackedScene" uid="uid://cxf13u7yiwegg" path="res://Models/Rocks/big_rock_3.tscn" id="9_j8404"]
[ext_resource type="PackedScene" uid="uid://bwt27a87pg33t" path="res://Models/Rocks/big_rock_no_collider.tscn" id="10_bou81"]
[ext_resource type="PackedScene" uid="uid://bctqrni78w4mf" path="res://Models/Rocks/rock_4.tscn" id="11_ecqqj"]
[ext_resource type="PackedScene" uid="uid://b4iwmlx3j1dd5" path="res://Models/Rocks/rock_1.tscn" id="12_qqm84"]
[ext_resource type="PackedScene" uid="uid://dvu6847lyrd6s" path="res://Models/Rocks/rock_3.tscn" id="13_q3g7p"]
[ext_resource type="PackedScene" uid="uid://30tekmj8r6na" path="res://Models/Rocks/rock_5.tscn" id="14_v4oxx"]
[ext_resource type="PackedScene" uid="uid://wex1r0ts4ykm" path="res://foliage.tscn" id="15_aqtre"]
[ext_resource type="PackedScene" uid="uid://ddlltuuapi5a3" path="res://assets/foliage.glb" id="16_sylin"]
[ext_resource type="PackedScene" uid="uid://neuev2wxjtxb" path="res://collider.tscn" id="17_wbovv"]
[ext_resource type="PackedScene" uid="uid://8vq2h0blone5" path="res://assets/campfire.tscn" id="18_1nrdc"]
[ext_resource type="PackedScene" uid="uid://cytlve453jlsd" path="res://displacement_height_map.tscn" id="19_nmqvs"]
[ext_resource type="PackedScene" uid="uid://dguym8qj1h842" path="res://wood spike (functionality).tscn" id="20_nd1ry"]
[ext_resource type="AudioStream" uid="uid://dlxqcum3pml0h" path="res://Audio/Deer_Introduction.mp3" id="21_8gk2n"]

[sub_resource type="Theme" id="Theme_80484"]

[sub_resource type="PanoramaSkyMaterial" id="PanoramaSkyMaterial_33xkc"]
panorama = ExtResource("1_o5wbk")

[sub_resource type="Sky" id="Sky_5187h"]
sky_material = SubResource("PanoramaSkyMaterial_33xkc")

[sub_resource type="Environment" id="Environment_nmmq7"]
background_mode = 2
sky = SubResource("Sky_5187h")
tonemap_mode = 2
glow_normalized = true
glow_blend_mode = 0
fog_enabled = true
fog_light_color = Color(0.109804, 0.12549, 0.141176, 1)
fog_density = 0.0675
fog_sky_affect = 0.85

[node name="MainMenu" type="Node"]

[node name="Node3D" type="Node3D" parent="."]

[node name="SubViewportContainer" type="SubViewportContainer" parent="Node3D"]
anchors_preset = 15
anchor_right = 1.0
anchor_bottom = 1.0
grow_horizontal = 2
grow_vertical = 2

[node name="SubViewport" type="SubViewport" parent="Node3D/SubViewportContainer"]
handle_input_locally = false
size = Vector2i(1152, 648)
render_target_update_mode = 4

[node name="Camera3D" type="Camera3D" parent="Node3D/SubViewportContainer/SubViewport"]
transform = Transform3D(0.981971, -0.0252183, -0.18734, 0.0296597, 0.999341, 0.0209424, 0.186689, -0.0261213, 0.982072, -29.825, 17.882, 46.469)

[node name="PostProcessing" type="Node" parent="Node3D"]

[node name="Models" type="Node" parent="Node3D"]

[node name="Trees" type="Node" parent="Node3D/Models"]

[node name="tree" parent="Node3D/Models/Trees" instance=ExtResource("2_pokq3")]
transform = Transform3D(0.416931, 0, 0.908938, 0, 1, 0, -0.908938, 0, 0.416931, -43.7034, 15.8645, 46.0064)

[node name="tree2" parent="Node3D/Models/Trees" instance=ExtResource("2_pokq3")]
transform = Transform3D(1, 0, 0, 0, 1, 0, 0, 0, 1, -38.3517, 16.2697, 36.572)

[node name="tree3" parent="Node3D/Models/Trees" instance=ExtResource("2_pokq3")]
transform = Transform3D(1, 0, 0, 0, 1, 0, 0, 0, 1, -27.1983, 16.543, 29.7335)

[node name="tree4" parent="Node3D/Models/Trees" instance=ExtResource("2_pokq3")]
transform = Transform3D(1, 0, 0, 0, 1, 0, 0, 0, 1, -17.0022, 16.4834, 33.9824)

[node name="tree5" parent="Node3D/Models/Trees" instance=ExtResource("2_pokq3")]
transform = Transform3D(1, 0, 0, 0, 1, 0, 0, 0, 1, -12.6865, 16.6392, 45.3799)

[node name="tree6" parent="Node3D/Models/Trees" instance=ExtResource("2_pokq3")]
transform = Transform3D(1, 0, 0, 0, 1, 0, 0, 0, 1, -20.5911, 15.9551, 55.7407)

[node name="tree7" parent="Node3D/Models/Trees" instance=ExtResource("2_pokq3")]
transform = Transform3D(1, 0, 0, 0, 1, 0, 0, 0, 1, -34.1133, 15.554, 56.8166)

[node name="Tree Clump2" parent="Node3D/Models/Trees" instance=ExtResource("3_3xgi0")]
transform = Transform3D(-0.0993718, 0, -0.99505, 0, 1, 0, 0.99505, 0, -0.0993718, -60.46, 16.0555, 102.98)

[node name="Tree Clump" parent="Node3D/Models/Trees" instance=ExtResource("3_3xgi0")]
transform = Transform3D(-0.0358762, 0, -0.999356, 0, 1, 0, 0.999356, 0, -0.0358762, 16.5675, 15.5425, 103.947)

[node name="Tree Clump3" parent="Node3D/Models/Trees" instance=ExtResource("4_l3owq")]
transform = Transform3D(-0.0147475, 0, -0.999891, 0, 1, 0, 0.999891, 0, -0.0147475, -39.4949, 15.6883, 101.433)

[node name="Tree Clump4" parent="Node3D/Models/Trees" instance=ExtResource("3_3xgi0")]
transform = Transform3D(-0.0691297, 0, -0.997608, 0, 1, 0, 0.997608, 0, -0.0691297, -13.2096, 15.6666, 101.272)

[node name="Tree Clump5" parent="Node3D/Models/Trees" instance=ExtResource("4_l3owq")]
transform = Transform3D(-0.116272, 0, 0.993217, 0, 1, 0, -0.993217, 0, -0.116272, 41.2727, 16.0345, 100.946)

[node name="Tree Clump6" parent="Node3D/Models/Trees" instance=ExtResource("3_3xgi0")]
transform = Transform3D(-0.0283055, 0, 0.999599, 0, 1, 0, -0.999599, 0, -0.0283055, 70.6624, 17.3842, 98.8836)

[node name="Tree Clump7" parent="Node3D/Models/Trees" instance=ExtResource("4_l3owq")]
transform = Transform3D(0.0706792, 0, -0.997499, 0, 1, 0, 0.997499, 0, 0.0706792, 114.019, 16.9742, 99.0944)

[node name="Tree Clump8" parent="Node3D/Models/Trees" instance=ExtResource("4_l3owq")]
transform = Transform3D(0.862522, 0, -0.506019, 0, 1, 0, 0.506019, 0, 0.862522, 133.177, 16.9974, 91.3759)

[node name="Tree Clump9" parent="Node3D/Models/Trees" instance=ExtResource("4_l3owq")]
transform = Transform3D(0.990617, 0, 0.136667, 0, 1, 0, -0.136667, 0, 0.990617, 137.31, 16.8853, 74.6885)

[node name="Tree Clump10" parent="Node3D/Models/Trees" instance=ExtResource("3_3xgi0")]
transform = Transform3D(0.993572, 0, -0.113203, 0, 1, 0, 0.113203, 0, 0.993572, 137.706, 16.1008, 58.7483)

[node name="Tree Clump11" parent="Node3D/Models/Trees" instance=ExtResource("4_l3owq")]
transform = Transform3D(-0.971624, 0, 0.236533, 0, 1, 0, -0.236533, 0, -0.971624, 140.821, 15.3461, 34.4614)

[node name="Tree Clump12" parent="Node3D/Models/Trees" instance=ExtResource("4_l3owq")]
transform = Transform3D(0.965486, 0, 0.260454, 0, 1, 0, -0.260454, 0, 0.965486, 139.823, 15.876, 13.1781)

[node name="Tree Clump13" parent="Node3D/Models/Trees" instance=ExtResource("3_3xgi0")]
transform = Transform3D(0.579139, 0, 0.815229, 0, 1, 0, -0.815229, 0, 0.579139, 130.562, 15.62, -4.90869)

[node name="Tree Clump14" parent="Node3D/Models/Trees" instance=ExtResource("4_l3owq")]
transform = Transform3D(0.55185, 0, 0.833944, 0, 1, 0, -0.833944, 0, 0.55185, 116.911, 15.5453, -21.4223)

[node name="Tree Clump15" parent="Node3D/Models/Trees" instance=ExtResource("3_3xgi0")]
transform = Transform3D(-0.726287, 0, -0.687392, 0, 1, 0, 0.687392, 0, -0.726287, 96.8891, 15.5441, -38.4126)

[node name="Tree Clump16" parent="Node3D/Models/Trees" instance=ExtResource("4_l3owq")]
transform = Transform3D(-0.359101, 0, 0.933299, 0, 1, 0, -0.933299, 0, -0.359101, 34.3744, 15.9854, -82.1127)

[node name="Tree Clump17" parent="Node3D/Models/Trees" instance=ExtResource("3_3xgi0")]
transform = Transform3D(0.980693, 0, -0.195552, 0, 1, 0, 0.195552, 0, 0.980693, 27.3669, 16.5028, -61.9568)

[node name="Tree Clump18" parent="Node3D/Models/Trees" instance=ExtResource("4_l3owq")]
transform = Transform3D(0.370557, 0, -0.92881, 0, 1, 0, 0.92881, 0, 0.370557, 14.7148, 16.994, -45.4261)

[node name="Tree Clump19" parent="Node3D/Models/Trees" instance=ExtResource("4_l3owq")]
transform = Transform3D(0.254788, 0, -0.966997, 0, 1, 0, 0.966997, 0, 0.254788, -94.6456, 16.245, 6.26317)

[node name="Tree Clump20" parent="Node3D/Models/Trees" instance=ExtResource("3_3xgi0")]
transform = Transform3D(0.960769, 0, -0.277348, 0, 1, 0, 0.277348, 0, 0.960769, -116.597, 15.7257, 28.1594)

[node name="Tree Clump21" parent="Node3D/Models/Trees" instance=ExtResource("4_l3owq")]
transform = Transform3D(0.922659, 0, 0.385616, 0, 1, 0, -0.385616, 0, 0.922659, -74.7186, 17.0291, 87.3395)

[node name="Tree Clump22" parent="Node3D/Models/Trees" instance=ExtResource("4_l3owq")]
transform = Transform3D(0.557803, 0, 0.829973, 0, 1, 0, -0.829973, 0, 0.557803, -88.9313, 15.6291, 45.8693)

[node name="Tree Clump23" parent="Node3D/Models/Trees" instance=ExtResource("4_l3owq")]
transform = Transform3D(0.489763, 0, -0.871856, 0, 1, 0, 0.871856, 0, 0.489763, -111.406, 15.3138, 36.9451)

[node name="tree8" parent="Node3D/Models/Trees" instance=ExtResource("2_pokq3")]
transform = Transform3D(1, 0, 0, 0, 1, 0, 0, 0, 1, -76.0229, 21.0407, -2.19445)

[node name="tree9" parent="Node3D/Models/Trees" instance=ExtResource("2_pokq3")]
transform = Transform3D(1, 0, 0, 0, 1, 0, 0, 0, 1, -77.1266, 19.4482, 3.81662)

[node name="tree10" parent="Node3D/Models/Trees" instance=ExtResource("2_pokq3")]
transform = Transform3D(1, 0, 0, 0, 1, 0, 0, 0, 1, -62.6547, 20.1353, -9.49986)

[node name="tree11" parent="Node3D/Models/Trees" instance=ExtResource("2_pokq3")]
transform = Transform3D(1, 0, 0, 0, 1, 0, 0, 0, 1, -69.3003, 19.6483, -6.9155)

[node name="tree12" parent="Node3D/Models/Trees" instance=ExtResource("2_pokq3")]
transform = Transform3D(1, 0, 0, 0, 1, 0, 0, 0, 1, -70.2313, 20.5679, -1.59607)

[node name="tree13" parent="Node3D/Models/Trees" instance=ExtResource("2_pokq3")]
transform = Transform3D(1, 0, 0, 0, 1, 0, 0, 0, 1, -106.61, 18.6492, 11.8355)

[node name="tree14" parent="Node3D/Models/Trees" instance=ExtResource("2_pokq3")]
transform = Transform3D(1, 0, 0, 0, 1, 0, 0, 0, 1, -113.111, 17.8307, 13.639)

[node name="tree15" parent="Node3D/Models/Trees" instance=ExtResource("2_pokq3")]
transform = Transform3D(1, 0, 0, 0, 1, 0, 0, 0, 1, -84.6513, 17.6218, 57.6609)

[node name="tree16" parent="Node3D/Models/Trees" instance=ExtResource("2_pokq3")]
transform = Transform3D(1, 0, 0, 0, 1, 0, 0, 0, 1, -81.2894, 18.8249, 72.7949)

[node name="tree17" parent="Node3D/Models/Trees" instance=ExtResource("2_pokq3")]
transform = Transform3D(1, 0, 0, 0, 1, 0, 0, 0, 1, -89.0301, 21.2993, 69.6846)

[node name="tree18" parent="Node3D/Models/Trees" instance=ExtResource("2_pokq3")]
transform = Transform3D(1, 0, 0, 0, 1, 0, 0, 0, 1, -85.917, 22.0404, 63.3238)

[node name="tree19" parent="Node3D/Models/Trees" instance=ExtResource("2_pokq3")]
transform = Transform3D(1, 0, 0, 0, 1, 0, 0, 0, 1, -82.7392, 19.8923, 66.1251)

[node name="tree20" parent="Node3D/Models/Trees" instance=ExtResource("2_pokq3")]
transform = Transform3D(0.504256, 0, -0.863554, 0, 1, 0, 0.863554, 0, 0.504256, -78.8392, 18.4168, 6.72745)

[node name="tree21" parent="Node3D/Models/Trees" instance=ExtResource("2_pokq3")]
transform = Transform3D(1, 0, 0, 0, 1, 0, 0, 0, 1, -7.32576, 22.0712, -32.766)

[node name="tree22" parent="Node3D/Models/Trees" instance=ExtResource("2_pokq3")]
transform = Transform3D(1, 0, 0, 0, 1, 0, 0, 0, 1, -4.18603, 18.6213, -38.5036)

[node name="tree23" parent="Node3D/Models/Trees" instance=ExtResource("2_pokq3")]
transform = Transform3D(1, 0, 0, 0, 1, 0, 0, 0, 1, 3.02196, 18.915, -42.8736)

[node name="tree24" parent="Node3D/Models/Trees" instance=ExtResource("2_pokq3")]
transform = Transform3D(0.350502, 0, -0.936562, 0, 1, 0, 0.936562, 0, 0.350502, 0.925944, 18.0442, -36.122)

[node name="tree25" parent="Node3D/Models/Trees" instance=ExtResource("2_pokq3")]
transform = Transform3D(0.510303, 0, -0.859995, 0, 1, 0, 0.859995, 0, 0.510303, -3.66096, 20.0117, -31.5409)

[node name="tree26" parent="Node3D/Models/Trees" instance=ExtResource("2_pokq3")]
transform = Transform3D(1, 0, 0, 0, 1, 0, 0, 0, 1, 86.7085, 16.5038, -53.1277)

[node name="tree27" parent="Node3D/Models/Trees" instance=ExtResource("2_pokq3")]
transform = Transform3D(1, 0, 0, 0, 1, 0, 0, 0, 1, 56.8557, 16.8746, -71.5159)

[node name="tree28" parent="Node3D/Models/Trees" instance=ExtResource("2_pokq3")]
transform = Transform3D(1, 0, 0, 0, 1, 0, 0, 0, 1, 47.3511, 16.659, -77.8027)

[node name="tree29" parent="Node3D/Models/Trees" instance=ExtResource("2_pokq3")]
transform = Transform3D(1, 0, 0, 0, 1, 0, 0, 0, 1, 65.4841, 18.0694, -66.5463)

[node name="tree30" parent="Node3D/Models/Trees" instance=ExtResource("2_pokq3")]
transform = Transform3D(1, 0, 0, 0, 1, 0, 0, 0, 1, 75.6242, 19.613, -62.2799)

[node name="tree31" parent="Node3D/Models/Trees" instance=ExtResource("2_pokq3")]
transform = Transform3D(0.778145, 0, -0.628085, 0, 1, 0, 0.628085, 0, 0.778145, 76.5325, 16.6337, -52.15)

[node name="tree32" parent="Node3D/Models/Trees" instance=ExtResource("2_pokq3")]
transform = Transform3D(0.722943, 0, -0.690908, 0, 1, 0, 0.690908, 0, 0.722943, 68.0383, 16.5951, -58.468)

[node name="tree33" parent="Node3D/Models/Trees" instance=ExtResource("2_pokq3")]
transform = Transform3D(0.51429, 0, -0.857616, 0, 1, 0, 0.857616, 0, 0.51429, 57.8523, 16.252, -66.3784)

[node name="tree34" parent="Node3D/Models/Trees" instance=ExtResource("2_pokq3")]
transform = Transform3D(0.488027, 0, -0.872828, 0, 1, 0, 0.872828, 0, 0.488027, 48.0703, 16.2399, -70.9417)

[node name="tree35" parent="Node3D/Models/Trees" instance=ExtResource("2_pokq3")]
transform = Transform3D(0.656836, 0, -0.754034, 0, 1, 0, 0.754034, 0, 0.656836, 83.1839, 15.8628, -47.1192)

[node name="tree36" parent="Node3D/Models/Trees" instance=ExtResource("2_pokq3")]
transform = Transform3D(1, 0, 0, 0, 1, 0, 0, 0, 1, 102.015, 17.851, 98.3918)

[node name="tree37" parent="Node3D/Models/Trees" instance=ExtResource("2_pokq3")]
transform = Transform3D(1, 0, 0, 0, 1, 0, 0, 0, 1, 87.5259, 18.4079, 95.3114)

[node name="tree38" parent="Node3D/Models/Trees" instance=ExtResource("2_pokq3")]
transform = Transform3D(1, 0, 0, 0, 1, 0, 0, 0, 1, 96.5265, 18.0269, 99.0934)

[node name="tree39" parent="Node3D/Models/Trees" instance=ExtResource("2_pokq3")]
transform = Transform3D(1, 0, 0, 0, 1, 0, 0, 0, 1, 93.0633, 19.0722, 95.2122)

[node name="tree40" parent="Node3D/Models/Trees" instance=ExtResource("2_pokq3")]
transform = Transform3D(1, 0, 0, 0, 1, 0, 0, 0, 1, 53.1558, 18.6468, 95.0219)

[node name="tree41" parent="Node3D/Models/Trees" instance=ExtResource("2_pokq3")]
transform = Transform3D(1, 0, 0, 0, 1, 0, 0, 0, 1, 58.7011, 18.1353, 93.815)

[node name="tree42" parent="Node3D/Models/Trees" instance=ExtResource("2_pokq3")]
transform = Transform3D(1, 0, 0, 0, 1, 0, 0, 0, 1, 5.54731, 16.1383, 101.201)

[node name="tree43" parent="Node3D/Models/Trees" instance=ExtResource("2_pokq3")]
transform = Transform3D(1, 0, 0, 0, 1, 0, 0, 0, 1, 1.25445, 16.1345, 99.071)

[node name="tree44" parent="Node3D/Models/Trees" instance=ExtResource("2_pokq3")]
transform = Transform3D(1, 0, 0, 0, 1, 0, 0, 0, 1, -25.7241, 15.5032, 96.8656)

[node name="tree45" parent="Node3D/Models/Trees" instance=ExtResource("2_pokq3")]
transform = Transform3D(1, 0, 0, 0, 1, 0, 0, 0, 1, -38.398, 15.5065, 96.8045)

[node name="tree46" parent="Node3D/Models/Trees" instance=ExtResource("2_pokq3")]
transform = Transform3D(1, 0, 0, 0, 1, 0, 0, 0, 1, -80.3135, 18.3677, 62.2029)

[node name="tree47" parent="Node3D/Models/Trees" instance=ExtResource("2_pokq3")]
transform = Transform3D(1, 0, 0, 0, 1, 0, 0, 0, 1, -97.6228, 15.9718, 34.7804)

[node name="tree48" parent="Node3D/Models/Trees" instance=ExtResource("2_pokq3")]
transform = Transform3D(1, 0, 0, 0, 1, 0, 0, 0, 1, -90.8876, 15.8723, 38.1342)

[node name="tree49" parent="Node3D/Models/Trees" instance=ExtResource("2_pokq3")]
transform = Transform3D(1, 0, 0, 0, 1, 0, 0, 0, 1, -105.916, 17.9616, 16.338)

[node name="tree50" parent="Node3D/Models/Trees" instance=ExtResource("2_pokq3")]
transform = Transform3D(1, 0, 0, 0, 1, 0, 0, 0, 1, -72.0366, 20.7431, 3.01864)

[node name="tree51" parent="Node3D/Models/Trees" instance=ExtResource("2_pokq3")]
transform = Transform3D(1, 0, 0, 0, 1, 0, 0, 0, 1, -64.8573, 19.5359, -6.11609)

[node name="tree52" parent="Node3D/Models/Trees" instance=ExtResource("2_pokq3")]
transform = Transform3D(1, 0, 0, 0, 1, 0, 0, 0, 1, -65.618, 20.3739, -0.310947)

[node name="tree53" parent="Node3D/Models/Trees" instance=ExtResource("2_pokq3")]
transform = Transform3D(1, 0, 0, 0, 1, 0, 0, 0, 1, -57.5117, 19.3137, -4.96872)

[node name="tree54" parent="Node3D/Models/Trees" instance=ExtResource("2_pokq3")]
transform = Transform3D(1, 0, 0, 0, 1, 0, 0, 0, 1, -48.1724, 20.5125, -8.06241)

[node name="tree55" parent="Node3D/Models/Trees" instance=ExtResource("2_pokq3")]
transform = Transform3D(1, 0, 0, 0, 1, 0, 0, 0, 1, -29.4479, 21.7454, -10.5698)

[node name="tree56" parent="Node3D/Models/Trees" instance=ExtResource("2_pokq3")]
transform = Transform3D(0.358156, 0, -0.933662, 0, 1, 0, 0.933662, 0, 0.358156, -6.92683, 22.8618, -22.6875)

[node name="tree57" parent="Node3D/Models/Trees" instance=ExtResource("2_pokq3")]
transform = Transform3D(1, 0, 0, 0, 1, 0, 0, 0, 1, -13.3503, 22.6023, -15.0683)

[node name="tree58" parent="Node3D/Models/Trees" instance=ExtResource("2_pokq3")]
transform = Transform3D(0.651701, 0, 0.758476, 0, 1, 0, -0.758476, 0, 0.651701, -21.3322, 20.7769, -9.12663)

[node name="tree59" parent="Node3D/Models/Trees" instance=ExtResource("2_pokq3")]
transform = Transform3D(0.44487, 0, -0.895595, 0, 1, 0, 0.895595, 0, 0.44487, -38.5263, 21.148, -5.30455)

[node name="tree60" parent="Node3D/Models/Trees" instance=ExtResource("2_pokq3")]
transform = Transform3D(0.766381, 0, -0.642386, 0, 1, 0, 0.642386, 0, 0.766381, 83.1177, 18.5663, 92.3659)

[node name="tree61" parent="Node3D/Models/Trees" instance=ExtResource("2_pokq3")]
transform = Transform3D(1, 0, 0, 0, 1, 0, 0, 0, 1, -64.0856, 17.8106, 93.0215)

[node name="tree62" parent="Node3D/Models/Trees" instance=ExtResource("2_pokq3")]
transform = Transform3D(1, 0, 0, 0, 1, 0, 0, 0, 1, -80.8476, 15.9542, 54.387)

[node name="tree63" parent="Node3D/Models/Trees" instance=ExtResource("2_pokq3")]
transform = Transform3D(1, 0, 0, 0, 1, 0, 0, 0, 1, -76.2036, 17.8726, 70.2066)

[node name="dead_tree_1" parent="Node3D/Models/Trees" instance=ExtResource("5_vwmnp")]
transform = Transform3D(1, 0, 0, 0, 1, 0, 0, 0, 1, -43.186, 15.5519, 52.1609)

[node name="tree64" parent="Node3D/Models/Trees" instance=ExtResource("2_pokq3")]
transform = Transform3D(1, 0, 0, 0, 1, 0, 0, 0, 1, 37.9493, 16.1615, -62.5361)

[node name="tree65" parent="Node3D/Models/Trees" instance=ExtResource("2_pokq3")]
transform = Transform3D(1, 0, 0, 0, 1, 0, 0, 0, 1, 40.1248, 15.8886, -72.1921)

[node name="tree66" parent="Node3D/Models/Trees" instance=ExtResource("2_pokq3")]
transform = Transform3D(1, 0, 0, 0, 1, 0, 0, 0, 1, 47.9488, 16.3218, -64.0808)

[node name="tree67" parent="Node3D/Models/Trees" instance=ExtResource("2_pokq3")]
transform = Transform3D(1, 0, 0, 0, 1, 0, 0, 0, 1, -93.0523, 16.9917, 50.6178)

[node name="tree68" parent="Node3D/Models/Trees" instance=ExtResource("2_pokq3")]
transform = Transform3D(1, 0, 0, 0, 1, 0, 0, 0, 1, -91.7027, 21.3801, 58.6887)

[node name="tree69" parent="Node3D/Models/Trees" instance=ExtResource("2_pokq3")]
transform = Transform3D(1, 0, 0, 0, 1, 0, 0, 0, 1, -105.54, 17.5853, 44.2763)

[node name="tree70" parent="Node3D/Models/Trees" instance=ExtResource("2_pokq3")]
transform = Transform3D(1, 0, 0, 0, 1, 0, 0, 0, 1, -74.4702, 16.3489, 101.406)

[node name="tree71" parent="Node3D/Models/Trees" instance=ExtResource("2_pokq3")]
transform = Transform3D(1, 0, 0, 0, 1, 0, 0, 0, 1, -84.0029, 19.2828, 88.3024)

[node name="tree72" parent="Node3D/Models/Trees" instance=ExtResource("2_pokq3")]
transform = Transform3D(1, 0, 0, 0, 1, 0, 0, 0, 1, 55.4471, 18.6382, 98.7757)

[node name="tree73" parent="Node3D/Models/Trees" instance=ExtResource("2_pokq3")]
transform = Transform3D(1, 0, 0, 0, 1, 0, 0, 0, 1, 57.0402, 17.0172, 103.167)

[node name="tree74" parent="Node3D/Models/Trees" instance=ExtResource("2_pokq3")]
transform = Transform3D(1, 0, 0, 0, 1, 0, 0, 0, 1, 82.4473, 16.629, 101.165)

[node name="tree75" parent="Node3D/Models/Trees" instance=ExtResource("2_pokq3")]
transform = Transform3D(1, 0, 0, 0, 1, 0, 0, 0, 1, 89.7986, 17.5892, 100.218)

[node name="tree76" parent="Node3D/Models/Trees" instance=ExtResource("2_pokq3")]
transform = Transform3D(1, 0, 0, 0, 1, 0, 0, 0, 1, -1.82752, 15.9617, 59.6042)

[node name="tree77" parent="Node3D/Models/Trees" instance=ExtResource("2_pokq3")]
transform = Transform3D(1, 0, 0, 0, 1, 0, 0, 0, 1, -2.39962, 17.0642, 10.1952)

[node name="tree78" parent="Node3D/Models/Trees" instance=ExtResource("2_pokq3")]
transform = Transform3D(1, 0, 0, 0, 1, 0, 0, 0, 1, -67.6853, 15.867, 44.686)

[node name="tree79" parent="Node3D/Models/Trees" instance=ExtResource("2_pokq3")]
transform = Transform3D(1, 0, 0, 0, 1, 0, 0, 0, 1, -48.1307, 15.4949, 74.0645)

[node name="tree80" parent="Node3D/Models/Trees" instance=ExtResource("2_pokq3")]
transform = Transform3D(1, 0, 0, 0, 1, 0, 0, 0, 1, 47.3572, 16.0583, 30.2879)

[node name="tree81" parent="Node3D/Models/Trees" instance=ExtResource("2_pokq3")]
transform = Transform3D(1, 0, 0, 0, 1, 0, 0, 0, 1, -19.7789, 16.1394, 77.9454)

[node name="tree82" parent="Node3D/Models/Trees" instance=ExtResource("2_pokq3")]
transform = Transform3D(1, 0, 0, 0, 1, 0, 0, 0, 1, 7.99436, 16.3672, 73.0859)

[node name="tree83" parent="Node3D/Models/Trees" instance=ExtResource("2_pokq3")]
transform = Transform3D(1, 0, 0, 0, 1, 0, 0, 0, 1, 16.6084, 17.2295, 36.4231)

[node name="tree84" parent="Node3D/Models/Trees" instance=ExtResource("2_pokq3")]
transform = Transform3D(1, 0, 0, 0, 1, 0, 0, 0, 1, -24.8338, 17.7984, 3.8776)

[node name="tree85" parent="Node3D/Models/Trees" instance=ExtResource("2_pokq3")]
transform = Transform3D(1, 0, 0, 0, 1, 0, 0, 0, 1, -94.9145, 15.9166, 21.856)

[node name="tree86" parent="Node3D/Models/Trees" instance=ExtResource("2_pokq3")]
transform = Transform3D(1, 0, 0, 0, 1, 0, 0, 0, 1, -51.3272, 19.6728, 8.45536)

[node name="tree87" parent="Node3D/Models/Trees" instance=ExtResource("2_pokq3")]
transform = Transform3D(1, 0, 0, 0, 1, 0, 0, 0, 1, -62.5984, 16.8049, 84.0126)

[node name="tree88" parent="Node3D/Models/Trees" instance=ExtResource("2_pokq3")]
transform = Transform3D(1, 0, 0, 0, 1, 0, 0, 0, 1, -37.3896, 15.4255, 85.8001)

[node name="tree89" parent="Node3D/Models/Trees" instance=ExtResource("2_pokq3")]
transform = Transform3D(1, 0, 0, 0, 1, 0, 0, 0, 1, 5.49335, 15.8962, 86.7552)

[node name="tree90" parent="Node3D/Models/Trees" instance=ExtResource("2_pokq3")]
transform = Transform3D(1, 0, 0, 0, 1, 0, 0, 0, 1, 37.1736, 17.5249, 78.3738)

[node name="tree91" parent="Node3D/Models/Trees" instance=ExtResource("2_pokq3")]
transform = Transform3D(1, 0, 0, 0, 1, 0, 0, 0, 1, 24.7441, 15.6663, 57.8484)

[node name="tree92" parent="Node3D/Models/Trees" instance=ExtResource("2_pokq3")]
transform = Transform3D(1, 0, 0, 0, 1, 0, 0, 0, 1, 18.6838, 17.1637, 3.00821)

[node name="tree93" parent="Node3D/Models/Trees" instance=ExtResource("2_pokq3")]
transform = Transform3D(1, 0, 0, 0, 1, 0, 0, 0, 1, -17.8706, 16.9831, 10.121)

[node name="tree94" parent="Node3D/Models/Trees" instance=ExtResource("2_pokq3")]
transform = Transform3D(1, 0, 0, 0, 1, 0, 0, 0, 1, 12.5412, 18.4442, -22.0785)

[node name="tree95" parent="Node3D/Models/Trees" instance=ExtResource("2_pokq3")]
transform = Transform3D(1, 0, 0, 0, 1, 0, 0, 0, 1, 58.7662, 19.2684, 79.8002)

[node name="tree96" parent="Node3D/Models/Trees" instance=ExtResource("2_pokq3")]
transform = Transform3D(1, 0, 0, 0, 1, 0, 0, 0, 1, 87.6987, 19.0617, 73.3575)

[node name="tree97" parent="Node3D/Models/Trees" instance=ExtResource("2_pokq3")]
transform = Transform3D(1, 0, 0, 0, 1, 0, 0, 0, 1, 116.849, 17.8016, 79.7188)

[node name="tree98" parent="Node3D/Models/Trees" instance=ExtResource("2_pokq3")]
transform = Transform3D(1, 0, 0, 0, 1, 0, 0, 0, 1, 117.996, 17.9784, 62.798)

[node name="tree99" parent="Node3D/Models/Trees" instance=ExtResource("2_pokq3")]
transform = Transform3D(1, 0, 0, 0, 1, 0, 0, 0, 1, 118.545, 15.708, 39.2625)

[node name="tree100" parent="Node3D/Models/Trees" instance=ExtResource("2_pokq3")]
transform = Transform3D(1, 0, 0, 0, 1, 0, 0, 0, 1, 97.7373, 15.7832, 47.7966)

[node name="tree101" parent="Node3D/Models/Trees" instance=ExtResource("2_pokq3")]
transform = Transform3D(1, 0, 0, 0, 1, 0, 0, 0, 1, 77.7254, 16.862, 53.6872)

[node name="tree102" parent="Node3D/Models/Trees" instance=ExtResource("2_pokq3")]
transform = Transform3D(1, 0, 0, 0, 1, 0, 0, 0, 1, 52.8154, 17.2756, 60.4)

[node name="tree103" parent="Node3D/Models/Trees" instance=ExtResource("2_pokq3")]
transform = Transform3D(1, 0, 0, 0, 1, 0, 0, 0, 1, 74.5301, 15.5932, 35.0351)

[node name="tree104" parent="Node3D/Models/Trees" instance=ExtResource("2_pokq3")]
transform = Transform3D(1, 0, 0, 0, 1, 0, 0, 0, 1, 96.1322, 15.5729, 33.7234)

[node name="tree105" parent="Node3D/Models/Trees" instance=ExtResource("2_pokq3")]
transform = Transform3D(1, 0, 0, 0, 1, 0, 0, 0, 1, 114.521, 15.6419, 16.8468)

[node name="tree106" parent="Node3D/Models/Trees" instance=ExtResource("2_pokq3")]
transform = Transform3D(1, 0, 0, 0, 1, 0, 0, 0, 1, 53.2961, 15.7312, -55.0282)

[node name="tree107" parent="Node3D/Models/Trees" instance=ExtResource("2_pokq3")]
transform = Transform3D(1, 0, 0, 0, 1, 0, 0, 0, 1, 95.2865, 15.9299, -2.42526)

[node name="tree108" parent="Node3D/Models/Trees" instance=ExtResource("2_pokq3")]
transform = Transform3D(1, 0, 0, 0, 1, 0, 0, 0, 1, 64.9825, 20.7145, -18.8473)

[node name="tree109" parent="Node3D/Models/Trees" instance=ExtResource("2_pokq3")]
transform = Transform3D(1, 0, 0, 0, 1, 0, 0, 0, 1, 26.8161, 17.7836, -27.0044)

[node name="tree110" parent="Node3D/Models/Trees" instance=ExtResource("2_pokq3")]
transform = Transform3D(1, 0, 0, 0, 1, 0, 0, 0, 1, 48.0299, 19.162, -12.8564)

[node name="tree111" parent="Node3D/Models/Trees" instance=ExtResource("2_pokq3")]
transform = Transform3D(1, 0, 0, 0, 1, 0, 0, 0, 1, 40.8256, 17.7828, 1.68404)

[node name="tree112" parent="Node3D/Models/Trees" instance=ExtResource("2_pokq3")]
transform = Transform3D(1, 0, 0, 0, 1, 0, 0, 0, 1, 67.1067, 19.5588, 6.31349)

[node name="tree113" parent="Node3D/Models/Trees" instance=ExtResource("2_pokq3")]
transform = Transform3D(1, 0, 0, 0, 1, 0, 0, 0, 1, 45.0381, 21.6771, -35.5017)

[node name="tree114" parent="Node3D/Models/Trees" instance=ExtResource("2_pokq3")]
transform = Transform3D(1, 0, 0, 0, 1, 0, 0, 0, 1, 30.5495, 15.9527, 41.1163)

[node name="tree115" parent="Node3D/Models/Trees" instance=ExtResource("2_pokq3")]
transform = Transform3D(1, 0, 0, 0, 1, 0, 0, 0, 1, 19.5711, 16.5988, 83.0206)

[node name="tree116" parent="Node3D/Models/Trees" instance=ExtResource("2_pokq3")]
transform = Transform3D(1, 0, 0, 0, 1, 0, 0, 0, 1, 47.5373, 19.179, 70.7166)

[node name="tree117" parent="Node3D/Models/Trees" instance=ExtResource("2_pokq3")]
transform = Transform3D(1, 0, 0, 0, 1, 0, 0, 0, 1, 99.3079, 18.0699, 86.2348)

[node name="tree118" parent="Node3D/Models/Trees" instance=ExtResource("2_pokq3")]
transform = Transform3D(1, 0, 0, 0, 1, 0, 0, 0, 1, 79.1801, 18.741, 84.7378)

[node name="tree119" parent="Node3D/Models/Trees" instance=ExtResource("2_pokq3")]
transform = Transform3D(1, 0, 0, 0, 1, 0, 0, 0, 1, 144.2, 15.6299, -17.4225)

[node name="tree120" parent="Node3D/Models/Trees" instance=ExtResource("2_pokq3")]
transform = Transform3D(1, 0, 0, 0, 1, 0, 0, 0, 1, 117.547, 15.8273, 5.91684)

[node name="tree121" parent="Node3D/Models/Trees" instance=ExtResource("2_pokq3")]
transform = Transform3D(1, 0, 0, 0, 1, 0, 0, 0, 1, 130.698, 15.5729, 25.9526)

[node name="tree122" parent="Node3D/Models/Trees" instance=ExtResource("2_pokq3")]
transform = Transform3D(1, 0, 0, 0, 1, 0, 0, 0, 1, 102.43, 19.7422, 63.3099)

[node name="tree123" parent="Node3D/Models/Trees" instance=ExtResource("2_pokq3")]
transform = Transform3D(1, 0, 0, 0, 1, 0, 0, 0, 1, 124.799, 16.4227, 50.1698)

[node name="tree124" parent="Node3D/Models/Trees" instance=ExtResource("2_pokq3")]
transform = Transform3D(1, 0, 0, 0, 1, 0, 0, 0, 1, 94.1732, 18.8616, -18.8276)

[node name="tree125" parent="Node3D/Models/Trees" instance=ExtResource("2_pokq3")]
transform = Transform3D(1, 0, 0, 0, 1, 0, 0, 0, 1, 82.2152, 15.7636, -38.2602)

[node name="tree126" parent="Node3D/Models/Trees" instance=ExtResource("2_pokq3")]
transform = Transform3D(1, 0, 0, 0, 1, 0, 0, 0, 1, 69.3123, 15.8093, -39.6506)

[node name="tree127" parent="Node3D/Models/Trees" instance=ExtResource("2_pokq3")]
transform = Transform3D(1, 0, 0, 0, 1, 0, 0, 0, 1, -1.10622, 22.0613, -14.6681)

[node name="tree128" parent="Node3D/Models/Trees" instance=ExtResource("2_pokq3")]
transform = Transform3D(1, 0, 0, 0, 1, 0, 0, 0, 1, -11.9367, 19.1848, -5.35673)

[node name="tree129" parent="Node3D/Models/Trees" instance=ExtResource("2_pokq3")]
transform = Transform3D(1, 0, 0, 0, 1, 0, 0, 0, 1, -39.6954, 17.3051, 10.59)

[node name="tree130" parent="Node3D/Models/Trees" instance=ExtResource("2_pokq3")]
transform = Transform3D(1, 0, 0, 0, 1, 0, 0, 0, 1, -83.5719, 15.8891, 31.8198)

[node name="tree131" parent="Node3D/Models/Trees" instance=ExtResource("2_pokq3")]
transform = Transform3D(1, 0, 0, 0, 1, 0, 0, 0, 1, -64.8366, 15.7707, 61.8749)

[node name="tree132" parent="Node3D/Models/Trees" instance=ExtResource("2_pokq3")]
transform = Transform3D(1, 0, 0, 0, 1, 0, 0, 0, 1, -62.6849, 16.0526, 73.4312)

[node name="tree133" parent="Node3D/Models/Trees" instance=ExtResource("2_pokq3")]
transform = Transform3D(1, 0, 0, 0, 1, 0, 0, 0, 1, -9.42514, 15.7362, 81.4161)

[node name="tree134" parent="Node3D/Models/Trees" instance=ExtResource("2_pokq3")]
transform = Transform3D(1, 0, 0, 0, 1, 0, 0, 0, 1, 70.3619, 19.3416, 73.8462)

[node name="tree135" parent="Node3D/Models/Trees" instance=ExtResource("2_pokq3")]
transform = Transform3D(1, 0, 0, 0, 1, 0, 0, 0, 1, 114.593, 17.1879, 86.7942)

[node name="tree136" parent="Node3D/Models/Trees" instance=ExtResource("2_pokq3")]
transform = Transform3D(1, 0, 0, 0, 1, 0, 0, 0, 1, 105.827, 15.8326, 10.3779)

[node name="tree137" parent="Node3D/Models/Trees" instance=ExtResource("2_pokq3")]
transform = Transform3D(1, 0, 0, 0, 1, 0, 0, 0, 1, 82.2251, 16.1495, -25.9744)

[node name="tree138" parent="Node3D/Models/Trees" instance=ExtResource("2_pokq3")]
transform = Transform3D(1, 0, 0, 0, 1, 0, 0, 0, 1, -4.32207, 16.4581, 36.2076)

[node name="tree139" parent="Node3D/Models/Trees" instance=ExtResource("2_pokq3")]
transform = Transform3D(1, 0, 0, 0, 1, 0, 0, 0, 1, -12.4869, 15.8332, 62.1603)

[node name="tree140" parent="Node3D/Models/Trees" instance=ExtResource("2_pokq3")]
transform = Transform3D(1, 0, 0, 0, 1, 0, 0, 0, 1, -27.727, 15.7339, 68.8415)

[node name="tree141" parent="Node3D/Models/Trees" instance=ExtResource("2_pokq3")]
transform = Transform3D(1, 0, 0, 0, 1, 0, 0, 0, 1, -49.1271, 15.4322, 62.3331)

[node name="tree142" parent="Node3D/Models/Trees" instance=ExtResource("2_pokq3")]
transform = Transform3D(1, 0, 0, 0, 1, 0, 0, 0, 1, -42.4846, 16.4632, 21.369)

[node name="tree143" parent="Node3D/Models/Trees" instance=ExtResource("2_pokq3")]
transform = Transform3D(1, 0, 0, 0, 1, 0, 0, 0, 1, -63.7005, 15.7583, 34.9025)

[node name="tree144" parent="Node3D/Models/Trees" instance=ExtResource("2_pokq3")]
transform = Transform3D(1, 0, 0, 0, 1, 0, 0, 0, 1, -67.1945, 18.489, 9.62804)

[node name="tree145" parent="Node3D/Models/Trees" instance=ExtResource("2_pokq3")]
transform = Transform3D(1, 0, 0, 0, 1, 0, 0, 0, 1, -20.0221, 15.5903, 89.2235)

[node name="tree146" parent="Node3D/Models/Trees" instance=ExtResource("2_pokq3")]
transform = Transform3D(1, 0, 0, 0, 1, 0, 0, 0, 1, -2.30591, 15.7646, 83.1652)

[node name="tree147" parent="Node3D/Models/Trees" instance=ExtResource("2_pokq3")]
transform = Transform3D(1, 0, 0, 0, 1, 0, 0, 0, 1, 23.3246, 17.2001, 74.6677)

[node name="tree148" parent="Node3D/Models/Trees" instance=ExtResource("2_pokq3")]
transform = Transform3D(1, 0, 0, 0, 1, 0, 0, 0, 1, 27.5953, 16.451, 92.2035)

[node name="tree149" parent="Node3D/Models/Trees" instance=ExtResource("2_pokq3")]
transform = Transform3D(1, 0, 0, 0, 1, 0, 0, 0, 1, 63.3404, 18.9024, 69.801)

[node name="tree150" parent="Node3D/Models/Trees" instance=ExtResource("2_pokq3")]
transform = Transform3D(1, 0, 0, 0, 1, 0, 0, 0, 1, 93.33, 18.9417, 65.8443)

[node name="tree151" parent="Node3D/Models/Trees" instance=ExtResource("2_pokq3")]
transform = Transform3D(1, 0, 0, 0, 1, 0, 0, 0, 1, 103.304, 20.3378, 75.7802)

[node name="tree152" parent="Node3D/Models/Trees" instance=ExtResource("2_pokq3")]
transform = Transform3D(1, 0, 0, 0, 1, 0, 0, 0, 1, 115.836, 16.2948, 47.8343)

[node name="tree153" parent="Node3D/Models/Trees" instance=ExtResource("2_pokq3")]
transform = Transform3D(1, 0, 0, 0, 1, 0, 0, 0, 1, 118.529, 15.5729, 30.1906)

[node name="tree154" parent="Node3D/Models/Trees" instance=ExtResource("2_pokq3")]
transform = Transform3D(1, 0, 0, 0, 1, 0, 0, 0, 1, 101.354, 15.6474, 23.81)

[node name="tree155" parent="Node3D/Models/Trees" instance=ExtResource("2_pokq3")]
transform = Transform3D(1, 0, 0, 0, 1, 0, 0, 0, 1, 108.964, 18.6691, -7.21148)

[node name="tree156" parent="Node3D/Models/Trees" instance=ExtResource("2_pokq3")]
transform = Transform3D(1, 0, 0, 0, 1, 0, 0, 0, 1, 93.6134, 16.3634, 8.47791)

[node name="tree157" parent="Node3D/Models/Trees" instance=ExtResource("2_pokq3")]
transform = Transform3D(1, 0, 0, 0, 1, 0, 0, 0, 1, 85.8383, 15.8941, -16.4945)

[node name="tree158" parent="Node3D/Models/Trees" instance=ExtResource("2_pokq3")]
transform = Transform3D(1, 0, 0, 0, 1, 0, 0, 0, 1, 61.2424, 15.7126, -50.3744)

[node name="tree159" parent="Node3D/Models/Trees" instance=ExtResource("2_pokq3")]
transform = Transform3D(1, 0, 0, 0, 1, 0, 0, 0, 1, 59.3134, 20.7762, -30.5787)

[node name="tree160" parent="Node3D/Models/Trees" instance=ExtResource("2_pokq3")]
transform = Transform3D(1, 0, 0, 0, 1, 0, 0, 0, 1, 34.7634, 17.8128, -39.7808)

[node name="tree161" parent="Node3D/Models/Trees" instance=ExtResource("2_pokq3")]
transform = Transform3D(1, 0, 0, 0, 1, 0, 0, 0, 1, 24.8079, 17.7881, -17.5388)

[node name="tree162" parent="Node3D/Models/Trees" instance=ExtResource("2_pokq3")]
transform = Transform3D(1, 0, 0, 0, 1, 0, 0, 0, 1, 5.14561, 18.826, -8.01036)

[node name="tree163" parent="Node3D/Models/Trees" instance=ExtResource("2_pokq3")]
transform = Transform3D(1, 0, 0, 0, 1, 0, 0, 0, 1, -38.5172, 18.9207, 1.30528)

[node name="tree164" parent="Node3D/Models/Trees" instance=ExtResource("2_pokq3")]
transform = Transform3D(1, 0, 0, 0, 1, 0, 0, 0, 1, -7.31486, 17.8106, 2.79202)

[node name="tree165" parent="Node3D/Models/Trees" instance=ExtResource("2_pokq3")]
transform = Transform3D(1, 0, 0, 0, 1, 0, 0, 0, 1, -81.7097, 15.7182, 14.6409)

[node name="tree166" parent="Node3D/Models/Trees" instance=ExtResource("2_pokq3")]
transform = Transform3D(1, 0, 0, 0, 1, 0, 0, 0, 1, -79.3532, 15.9173, 23.5001)

[node name="tree167" parent="Node3D/Models/Trees" instance=ExtResource("2_pokq3")]
transform = Transform3D(1, 0, 0, 0, 1, 0, 0, 0, 1, -54.8157, 15.8827, 26.8986)

[node name="tree168" parent="Node3D/Models/Trees" instance=ExtResource("2_pokq3")]
transform = Transform3D(1, 0, 0, 0, 1, 0, 0, 0, 1, -55.0749, 15.4554, 48.726)

[node name="tree169" parent="Node3D/Models/Trees" instance=ExtResource("2_pokq3")]
transform = Transform3D(1, 0, 0, 0, 1, 0, 0, 0, 1, -12.21, 16.5316, 23.5458)

[node name="tree170" parent="Node3D/Models/Trees" instance=ExtResource("2_pokq3")]
transform = Transform3D(1, 0, 0, 0, 1, 0, 0, 0, 1, 8.08321, 16.6199, 50.6299)

[node name="tree171" parent="Node3D/Models/Trees" instance=ExtResource("2_pokq3")]
transform = Transform3D(1, 0, 0, 0, 1, 0, 0, 0, 1, 40.6355, 15.6882, 53.1065)

[node name="tree172" parent="Node3D/Models/Trees" instance=ExtResource("2_pokq3")]
transform = Transform3D(1, 0, 0, 0, 1, 0, 0, 0, 1, 58.7729, 15.6126, 41.5063)

[node name="tree173" parent="Node3D/Models/Trees" instance=ExtResource("2_pokq3")]
transform = Transform3D(1, 0, 0, 0, 1, 0, 0, 0, 1, 4.80655, 17.1055, 17.1202)

[node name="tree174" parent="Node3D/Models/Trees" instance=ExtResource("2_pokq3")]
transform = Transform3D(1, 0, 0, 0, 1, 0, 0, 0, 1, 42.0308, 20.4214, -22.257)

[node name="tree175" parent="Node3D/Models/Trees" instance=ExtResource("2_pokq3")]
transform = Transform3D(1, 0, 0, 0, 1, 0, 0, 0, 1, 29.6103, 17.0771, 15.4034)

[node name="tree176" parent="Node3D/Models/Trees" instance=ExtResource("2_pokq3")]
transform = Transform3D(1, 0, 0, 0, 1, 0, 0, 0, 1, 53.3385, 18.76, 7.23143)

[node name="tree177" parent="Node3D/Models/Trees" instance=ExtResource("2_pokq3")]
transform = Transform3D(1, 0, 0, 0, 1, 0, 0, 0, 1, 73.9733, 18.0594, 16.3052)

[node name="tree178" parent="Node3D/Models/Trees" instance=ExtResource("2_pokq3")]
transform = Transform3D(1, 0, 0, 0, 1, 0, 0, 0, 1, 33.0652, 18.1168, -8.55058)

[node name="tree179" parent="Node3D/Models/Trees" instance=ExtResource("2_pokq3")]
transform = Transform3D(1, 0, 0, 0, 1, 0, 0, 0, 1, 17.8637, 20.1833, 19.3104)

[node name="dead_tree_2" parent="Node3D/Models/Trees" instance=ExtResource("5_vwmnp")]
transform = Transform3D(0.102827, 0, -0.994699, 0, 1, 0, 0.994699, 0, 0.102827, -65.7961, 16.1575, 68.3529)

[node name="dead_tree_3" parent="Node3D/Models/Trees" instance=ExtResource("5_vwmnp")]
transform = Transform3D(0.47886, 0, -0.877891, 0, 1, 0, 0.877891, 0, 0.47886, -22.6266, 16.9691, 9.55303)

[node name="dead_tree_4" parent="Node3D/Models/Trees" instance=ExtResource("5_vwmnp")]
transform = Transform3D(0.6119, 0, -0.790935, 0, 1, 0, 0.790935, 0, 0.6119, 46.8611, 18.2868, 8.78388)

[node name="dead_tree_5" parent="Node3D/Models/Trees" instance=ExtResource("5_vwmnp")]
transform = Transform3D(0.35602, 0, -0.934478, 0, 1, 0, 0.934478, 0, 0.35602, 91.142, 19.3328, 79.0685)

[node name="dead_tree_6" parent="Node3D/Models/Trees" instance=ExtResource("5_vwmnp")]
transform = Transform3D(0.604919, 0, -0.796287, 0, 1, 0, 0.796287, 0, 0.604919, 42.7849, 16.0367, 60.152)

[node name="dead_tree_7" parent="Node3D/Models/Trees" instance=ExtResource("5_vwmnp")]
transform = Transform3D(0.842415, 0, -0.53883, 0, 1, 0, 0.53883, 0, 0.842415, 6.80412, 16.2216, 32.8925)

[node name="Rocks" type="Node" parent="Node3D/Models"]

[node name="BigRock1" parent="Node3D/Models/Rocks" instance=ExtResource("6_f0akj")]
transform = Transform3D(1, 0, 0, 0, 1, 0, 0, 0, 1, -66.6721, 14.0694, 21.9847)

[node name="Rock2" parent="Node3D/Models/Rocks" instance=ExtResource("7_2afc1")]
transform = Transform3D(0.158744, 0.537039, -0.828486, 0, 0.839127, 0.543936, 0.98732, -0.0863466, 0.133206, -30.009, 14.6218, 49.508)

[node name="BigRock2" parent="Node3D/Models/Rocks" instance=ExtResource("6_f0akj")]
transform = Transform3D(1, 0, 0, 0, 1, 0, 0, 0, 1, -22.3089, 24.6758, -23.5632)

[node name="BigRock3" parent="Node3D/Models/Rocks" instance=ExtResource("8_uonnk")]
transform = Transform3D(0.91595, 0, 0.401292, 0.222072, 0.832921, -0.506879, -0.334245, 0.553392, 0.762914, -33.6936, 27.4992, -26.1381)

[node name="BigRock4" parent="Node3D/Models/Rocks" instance=ExtResource("9_j8404")]
